StartChar: afii10084
Encoding: 1090 1090 494
Width: 600
GlyphClass: 2
Flags: W
HStem: 0 21G<39 118.904 231 310.892 424 503.639> 440 79<266.199 308.748 454.5 509.67> 489 20G<154.285 222>
VStem: 159 58<479.308 509> 511 80<306.062 416.812>
DStem2: 39 0 114 0 0.229466 0.973317<17.2099 445.836> 231 0 306 0 0.227703 0.973731<17.0777 400.018> 424 0 499 0 0.225931 0.974143<16.9448 425.471>
LayerCount: 2
Fore
Refer: 80 109 N 1 0 0 1 0 0 2
Validated: 1
EndChar
