StartChar: afii10090
Encoding: 1096 1096 500
Width: 600
GlyphClass: 2
Flags: W
HStem: 17 79<139.33 194.5 340.252 382.801> 27 20G<427 494.715> 515 21G<145.361 225 338.108 418 530.096 610>
VStem: 58 80<119.188 229.938> 432 58<27 56.6917>
DStem2: 225 536 150 536 0.225931 0.974143<-425.471 -16.9448> 418 536 343 536 0.227703 0.973731<-400.018 -17.0777> 610 536 535 536 0.229466 0.973317<-445.836 -17.2099>
LayerCount: 2
Fore
Refer: 80 109 N -1 0 0 -1 649 536 2
Validated: 1
EndChar
