StartChar: iotadieresistonos
Encoding: 912 912 363
Width: 600
GlyphClass: 2
Flags: W
HStem: -10 78<304.523 434.578> 489 20G<294.307 383>
VStem: 208 88<76.9844 211>
DStem2: 215 151 300 154 0.228433 0.97356<-9.30305 367.723>
LayerCount: 2
Fore
Refer: 403 953 N 1 0 0 1 0 0 3
Refer: 354 901 N 1 0 0 1 -26 0 2
Validated: 1
EndChar
