StartChar: kcommaaccent
Encoding: 311 311 249
Width: 600
GlyphClass: 2
Flags: W
HStem: 0 21G<91 178.734 396.959 502> 740 20G<264.316 354>
DStem2: 91 0 174 0 0.230466 0.97308<19.1287 231.849 299.35 780.564> 352 303 284 245 0.443661 -0.896195<21.8104 295.948>
LayerCount: 2
Fore
Refer: 78 107 N 1 0 0 1 0 0 3
Refer: 877 -1 N 1 0 0 1 6 0 2
Validated: 1
EndChar
